"lookupAttribute","description-en","description-nl","unique","nillable","label-xx","idAttribute","label-de","defaultValue","labelAttribute","label-en","rangeMax","description-xx","rangeMin","description-es","mappedBy","entity","label","validationExpression","refEntity","visible","description-it","aggregateable","label-pt","description-de","label-nl","label-es","tags","description-pt","label-it","enumOptions","name","partOfAttribute","description","expression","dataType","readOnly","label-fr","description-fr"
"TRUE","","","TRUE","FALSE","","TRUE","","","FALSE","","","","","","","eu_bbmri_eric_biobank_size","id","","","TRUE","","FALSE","","","","","","","","","id","","Unique ID.","","int","TRUE","",""
"FALSE","","","FALSE","FALSE","","FALSE","","","TRUE","","","","","","","eu_bbmri_eric_biobank_size","size","","","TRUE","","FALSE","","","","","","","","","size","","Size of the collection measured as 10n samples.","","string","FALSE","",""
"TRUE","","","TRUE","FALSE","","TRUE","","","FALSE","","","","","","","eu_bbmri_eric_MT_biobanks","id","","","FALSE","","FALSE","","","","","","","","","id","","Unique biobank ID within BBMRI-ERIC based on MIABIS 2.0 standard (ISO 3166-1 alpha-2 + underscore + biobank national ID or name), prefixed with bbmri-eric:ID: string - MIABIS-2.0-01.","","string","TRUE","",""
"TRUE","","","FALSE","FALSE","","FALSE","","","TRUE","","","","","","","eu_bbmri_eric_MT_biobanks","name","","","TRUE","","FALSE","","","","","","","","","name","","Biobank name according to MIABIS 2.0 - MIABIS-2.0-03.","","string","FALSE","",""
"TRUE","","","FALSE","TRUE","","FALSE","","","FALSE","","","","","","","eu_bbmri_eric_MT_biobanks","acronym","","","TRUE","","FALSE","","","","","","","","","acronym","","Biobank acronym - MIABIS-2.0-02.","","string","FALSE","",""
"FALSE","","","FALSE","TRUE","","FALSE","","","FALSE","","","","","","","eu_bbmri_eric_MT_biobanks","description","","","FALSE","","FALSE","","","","","","","","","description","","Biobank description - MIABIS-2.0-08.","","text","FALSE","",""
"FALSE","","","FALSE","TRUE","","FALSE","","","FALSE","","","","","","","eu_bbmri_eric_MT_biobanks","bioresource reference","","","FALSE","","FALSE","","","","","","","","","bioresource_reference","","Bioresource reference to be cited when the bioresource (biobank/collection) is used for research.","","text","FALSE","",""
"FALSE","","","FALSE","TRUE","","FALSE","","","FALSE","","","","","","","eu_bbmri_eric_MT_biobanks","url","","","TRUE","","FALSE","","","","","","","","","url","","Biobank URL - MIABIS-2.0-04.","","hyperlink","FALSE","",""
"FALSE","","","FALSE","FALSE","","FALSE","","","FALSE","","","","","","","eu_bbmri_eric_MT_biobanks","juridical person","","","TRUE","","FALSE","","","","","","","","","juridical_person","","Juristic person of a biobank according to MIABIS 2.0 - MIABIS-2.0-05.","","string","FALSE","",""
"FALSE","","","FALSE","FALSE","","FALSE","","","FALSE","","","","","","","eu_bbmri_eric_MT_biobanks","country","","eu_bbmri_eric_countries","TRUE","","FALSE","","","","","","","","","country","","Country hosting the biobank according to MIABIS 2.0 - MIABIS-2.0-06.","","xref","FALSE","",""
"FALSE","","","FALSE","TRUE","","FALSE","","","FALSE","","","","","","","eu_bbmri_eric_MT_biobanks","it support","","","FALSE","","FALSE","","","","","","","","","it_support","","","","compound","FALSE","",""
"FALSE","","","FALSE","TRUE","","FALSE","","","FALSE","","","","","","","eu_bbmri_eric_MT_biobanks","it support available","","","TRUE","","FALSE","","","","","","","","","it_support_available","it_support","Is IT support available at the biobank?","","bool","FALSE","",""
"FALSE","","","FALSE","TRUE","","FALSE","","","FALSE","","","","","","","eu_bbmri_eric_MT_biobanks","it staff size","","","TRUE","","FALSE","","","","","","","","","it_staff_size","it_support","Size of the biobank dedicated IT staff measured as 2n.","","int","FALSE","",""
"FALSE","","","FALSE","TRUE","","FALSE","","","FALSE","","","","","","","eu_bbmri_eric_MT_biobanks","is available","","","TRUE","","FALSE","","","","","","","","","is_available","it_support","Has the biobank a computer-based Information System (IS)?","","bool","FALSE","",""
"FALSE","","","FALSE","TRUE","","FALSE","","","FALSE","","","","","","","eu_bbmri_eric_MT_biobanks","his available","","","TRUE","","FALSE","","","","","","","","","his_available","it_support","Has the biobank on-line or off-line connection to a Hospital Information System (HIS)?","","bool","FALSE","",""
"FALSE","","","FALSE","FALSE","","FALSE","","","FALSE","","","","","","","eu_bbmri_eric_MT_biobanks","partner charter signed","","","TRUE","","FALSE","","","","","","","","","partner_charter_signed","","Biobank has signed BBMRI-ERIC Partner Charter.","","bool","FALSE","",""
"FALSE","","","FALSE","TRUE","","FALSE","","","FALSE","","","","","","","eu_bbmri_eric_MT_biobanks","contact information","","","FALSE","","FALSE","","","","","","","","","contact_information","","","","compound","FALSE","",""
"FALSE","","","FALSE","TRUE","","FALSE","","","FALSE","","","","","","","eu_bbmri_eric_MT_biobanks","head first name","","","TRUE","","FALSE","","","","","","","","","head_firstname","contact_information","First name of a person in charge of the biobank.","","string","FALSE","",""
"FALSE","","","FALSE","TRUE","","FALSE","","","FALSE","","","","","","","eu_bbmri_eric_MT_biobanks","head last name","","","TRUE","","FALSE","","","","","","","","","head_lastname","contact_information","Last name of a person in charge of the biobank.","","string","FALSE","",""
"FALSE","","","FALSE","TRUE","","FALSE","","","FALSE","","","","","","","eu_bbmri_eric_MT_biobanks","head role","","","FALSE","","FALSE","","","","","","","","","head_role","contact_information","Official role of the person in charge of the biobank: typically PI or Director.","","string","FALSE","",""
"FALSE","","","FALSE","TRUE","","FALSE","","","FALSE","","","","","","","eu_bbmri_eric_MT_biobanks","contact","","eu_bbmri_eric_MT_persons","TRUE","","FALSE","","","","","","","","","contact","contact_information","Reference to a contact ID.","","xref","FALSE","",""
"FALSE","","","FALSE","FALSE","","FALSE","","","FALSE","","","","","","","eu_bbmri_eric_MT_biobanks","contact priority","","","FALSE","","FALSE","","","","","","","","","contact_priority","contact_information","Priority of the contact 1..n (i.e., non-negative integer), where the highest priority should be used for contacting about given set of samples. E.g., if a collection has contactPriority=3, the biobank in which the collection resides has contactPriority=10, and the biobankNetwork to which the collection or biobank belongs has contactPriority=7, the biobank contact should be used.","","int","FALSE","",""
"FALSE","","","FALSE","TRUE","","FALSE","","","FALSE","","","","","","","eu_bbmri_eric_MT_biobanks","latitude","","","TRUE","","FALSE","","","","","","","","","latitude","contact_information","Latitude of the biobank in the WGS84 system (the one used by GPS), positive is northern hemisphere.","","string","FALSE","",""
"FALSE","","","FALSE","TRUE","","FALSE","","","FALSE","","","","","","","eu_bbmri_eric_MT_biobanks","longitude","","","FALSE","","FALSE","","","","","","","","","longitude","contact_information","Longitude of the biobank in the WGS84 system (the one used by GPS), positive is to the East of Greenwich.","","string","FALSE","",""
"","","","","","","","","","","","","","","","biobank","eu_bbmri_eric_MT_biobanks","collections","","eu_bbmri_eric_MT_collections","","","","","","","","","","","","collections","","","","one_to_many","","",""
"FALSE","","","FALSE","TRUE","","FALSE","","","FALSE","","","","","","","eu_bbmri_eric_MT_biobanks","network","","eu_bbmri_eric_MT_networks","FALSE","","FALSE","","","","","","","","","network","","Reference to a biobank network ID, to which the collection or biobank belongs; this attribute can also be used for biobank network, where it refers to the superior biobank network).","","mref","FALSE","",""
"FALSE","","","FALSE","TRUE","","FALSE","","","FALSE","","","","","","","eu_bbmri_eric_MT_biobanks","collaboration commercial","","","TRUE","","FALSE","","","","","","","","","collaboration_commercial","","Biobank/collection can be used for collaboration with commercial partners.","","bool","FALSE","",""
"FALSE","","","FALSE","TRUE","","FALSE","","","FALSE","","","","","","","eu_bbmri_eric_MT_biobanks","collaboration non for profit","","","TRUE","","FALSE","","","","","","","","","collaboration_non_for_profit","","Biobank/collection can be used for collaboration with non-for-profit partners.","","bool","FALSE","",""
"FALSE","","","FALSE","TRUE","","FALSE","","","FALSE","","","","","","","eu_bbmri_eric_MT_biobanks","Capablities provided","","eu_bbmri_eric_capabilities","TRUE","","FALSE","","","","","","","","","capabilities","","Capabilities that the biobank organisation can offer to a researcher","","categorical_mref","FALSE","",""
"FALSE","","","FALSE","TRUE","","FALSE","","","FALSE","","","","","","","eu_bbmri_eric_MT_biobanks","Applied operational standards","","eu_bbmri_eric_ops_standards","TRUE","","FALSE","","","","","","","","","operational_standards","","Biobank/collection can be used for collaboration with non-for-profit partners.","","categorical_mref","FALSE","",""
"FALSE","","","FALSE","TRUE","","FALSE","","","FALSE","","","","","","","eu_bbmri_eric_MT_biobanks","Other operational standards","","","FALSE","","FALSE","","","","","","","","","other_standards","","Other standards that the biobank complies with (please specify)","","string","FALSE","",""
"TRUE","","","TRUE","FALSE","","TRUE","","","FALSE","","","","","","","eu_bbmri_eric_MT_collections","id","","","FALSE","","FALSE","","","","","","","","","id","","Unique collection ID within BBMRI-ERIC based on MIABIS 2.0 standard, constructed from biobankID prefix + :collection: + local collection ID string - MIABIS-2.0-01.","","string","TRUE","",""
"FALSE","","","FALSE","FALSE","","FALSE","","","FALSE","","","","","","","eu_bbmri_eric_MT_collections","country","","eu_bbmri_eric_countries","TRUE","","TRUE","","","","","","","","","country","","Country according to MIABIS 2.0 - MIABIS-2.0-07-H.","","categorical","FALSE","",""
"FALSE","","","FALSE","FALSE","","FALSE","","","FALSE","","","","","","","eu_bbmri_eric_MT_collections","biobank","","eu_bbmri_eric_MT_biobanks","TRUE","","TRUE","","","","","","","","","biobank","","Reference to a biobank ID, to which the collection belongs.","","xref","FALSE","",""
"FALSE","","","FALSE","TRUE","","FALSE","","","FALSE","","","","","","","eu_bbmri_eric_MT_collections","collection","","","TRUE","","FALSE","","","","","","","","","collection","","","","compound","FALSE","",""
"FALSE","","","FALSE","FALSE","","FALSE","","","TRUE","","","","","","","eu_bbmri_eric_MT_collections","collection name","","","TRUE","","FALSE","","","","","","","","","name","collection","Collection name according to MIABIS 2.0 - MIABIS-2.0-03.","","string","FALSE","",""
"FALSE","","","FALSE","TRUE","","FALSE","","","FALSE","","","","","","","eu_bbmri_eric_MT_collections","collection acronym","","","TRUE","","FALSE","","","","","","","","","acronym","collection","Collection acronym according to MIABIS 2.0 - MIABIS-2.0-02.","","string","FALSE","",""
"FALSE","","","FALSE","TRUE","","FALSE","","","FALSE","","","","","","","eu_bbmri_eric_MT_collections","description","","","FALSE","","FALSE","","","","","","","","","description","collection","Collection description according to MIABIS 2.0 - MIABIS-2.0-08.","","text","FALSE","",""
"FALSE","","","FALSE","TRUE","","FALSE","","","FALSE","","","","","","","eu_bbmri_eric_MT_collections","bioresource reference","","","FALSE","","FALSE","","","","","","","","","bioresource_reference","collection","Bioresource reference to be cited when the bioresource (biobank/collection) is used for research.","","text","FALSE","",""
"FALSE","","","FALSE","TRUE","","FALSE","","","FALSE","","","","","","","eu_bbmri_eric_MT_collections","parent collection","","eu_bbmri_eric_MT_collections","FALSE","","FALSE","","","","","","","","","parent_collection","collection","Reference to a collection ID, refers to the superior collection.","","xref","FALSE","",""
"","","","","","","","","","","","","","","","parent_collection","eu_bbmri_eric_MT_collections","sub collections","","eu_bbmri_eric_MT_collections","","","","","","","","","","","","sub_collections","","","","one_to_many","","",""
"FALSE","","","FALSE","TRUE","","FALSE","","","FALSE","","","","","","","eu_bbmri_eric_MT_collections","network","","eu_bbmri_eric_MT_networks","TRUE","","FALSE","","","","","","","","","network","collection","Reference to a biobank network ID, to which the collection or biobank belongs; this attribute can also be used for biobank network, where it refers to the superior biobank network).","","mref","FALSE","",""
"FALSE","","","FALSE","FALSE","","FALSE","","","FALSE","","","","","","","eu_bbmri_eric_MT_collections","type","","eu_bbmri_eric_collection_types","TRUE","","TRUE","","","","","","","","","type","collection","Type(s) of collection - MIABIS-2.0-19.","","categorical_mref","FALSE","",""
"FALSE","","","FALSE","FALSE","","FALSE","","","FALSE","","","","","","","eu_bbmri_eric_MT_collections","data categories","","eu_bbmri_eric_data_types","TRUE","","TRUE","","","","","","","","","data_categories","collection","Denotes which types of data are available (MIABIS-2.0-13).","","categorical_mref","FALSE","",""
"FALSE","","","FALSE","TRUE","","FALSE","","","FALSE","","","","","","","eu_bbmri_eric_MT_collections","standards","","eu_bbmri_eric_lab_standards","FALSE","","FALSE","","","","","","","","","standards","collection","List of standards to which the collection complies","","categorical_mref","FALSE","",""
"FALSE","","","FALSE","FALSE","","FALSE","","","FALSE","","","","","","","eu_bbmri_eric_MT_collections","order of magnitude","","eu_bbmri_eric_biobank_size","FALSE","","TRUE","","","","","","","","","order_of_magnitude","collection","Size of the collection measured as 10n samples.","","categorical","FALSE","",""
"FALSE","","","FALSE","TRUE","","FALSE","","","FALSE","","","","","","","eu_bbmri_eric_MT_collections","size","","","FALSE","","FALSE","","","","","","","","","size","collection","Exact size of the collection to the given date.","","int","FALSE","",""
"FALSE","","","FALSE","TRUE","","FALSE","","","FALSE","","","","","","","eu_bbmri_eric_MT_collections","timestamp","","","FALSE","","FALSE","","","","","","","","","timestamp","collection","Date to which the size of the collection was valid, format: yyyy-mm-ddThh:mm:ss+nnnn, e.g. 2016-11-15T09:53:13+0100.","","date_time","FALSE","",""
"FALSE","","","FALSE","TRUE","","FALSE","","","FALSE","","","","","","","eu_bbmri_eric_MT_collections","Link to RD-Connect ID-Card","","","FALSE","","FALSE","","","","","","","","","id_card","","","","hyperlink","FALSE","",""
"FALSE","","","FALSE","TRUE","","FALSE","","","FALSE","","","","","","","eu_bbmri_eric_MT_collections","contact information","","","FALSE","","FALSE","","","","","","","","","contact_information","","","","compound","FALSE","",""
"FALSE","","","FALSE","TRUE","","FALSE","","","FALSE","","","","","","","eu_bbmri_eric_MT_collections","head first name","","","TRUE","","FALSE","","","","","","","","","head_firstname","contact_information","First name of a person in charge of the collection.","","string","FALSE","",""
"FALSE","","","FALSE","TRUE","","FALSE","","","FALSE","","","","","","","eu_bbmri_eric_MT_collections","head last name","","","TRUE","","FALSE","","","","","","","","","head_lastname","contact_information","Last name of a person in charge of the collection.","","string","FALSE","",""
"FALSE","","","FALSE","TRUE","","FALSE","","","FALSE","","","","","","","eu_bbmri_eric_MT_collections","head role","","","FALSE","","FALSE","","","","","","","","","head_role","contact_information","Official role of the person in charge of the collection: typically PI or Director.","","string","FALSE","",""
"FALSE","","","FALSE","TRUE","","FALSE","","","FALSE","","","","","","","eu_bbmri_eric_MT_collections","contact","","eu_bbmri_eric_MT_persons","FALSE","","FALSE","","","","","","","","","contact","contact_information","Reference to a contact ID.","","xref","FALSE","",""
"FALSE","","","FALSE","FALSE","","FALSE","","1","FALSE","","","","","","","eu_bbmri_eric_MT_collections","contact priority","","","FALSE","","FALSE","","","","","","","","","contact_priority","contact_information","Priority of the contact 1..n (i.e., non-negative integer), where the highest priority should be used for contacting about given set of samples. E.g., if a collection has contactPriority=3, the biobank in which the collection resides has contactPriority=10, and the biobankNetwork to which the collection or biobank belongs has contactPriority=7, the biobank contact should be used.","","int","FALSE","",""
"FALSE","","","FALSE","TRUE","","FALSE","","","FALSE","","","","","","","eu_bbmri_eric_MT_collections","latitude","","","FALSE","","FALSE","","","","","","","","","latitude","contact_information","Latitude of the biobank in the WGS84 system (the one used by GPS), positive is northern hemisphere.","","string","FALSE","",""
"FALSE","","","FALSE","TRUE","","FALSE","","","FALSE","","","","","","","eu_bbmri_eric_MT_collections","longitude","","","FALSE","","FALSE","","","","","","","","","longitude","contact_information","Longitude of the biobank in the WGS84 system (the one used by GPS), positive is to the East of Greenwich.","","string","FALSE","",""
"FALSE","","","FALSE","TRUE","","FALSE","","","FALSE","","","","","","","eu_bbmri_eric_MT_collections","donor data","","","FALSE","","FALSE","","","","","","","","","donor_data","","","","compound","FALSE","",""
"FALSE","","","FALSE","TRUE","","FALSE","","","FALSE","","","","","","","eu_bbmri_eric_MT_collections","sex","","eu_bbmri_eric_sex_types","TRUE","","FALSE","","","","","","","","","sex","donor_data","The sex of the individuals in the sample collection. - MIABIS-2.0-09.","","categorical_mref","FALSE","",""
"FALSE","","","FALSE","TRUE","","FALSE","","","FALSE","","","","","","","eu_bbmri_eric_MT_collections","diagnosis available","","eu_bbmri_eric_disease_types","TRUE","","FALSE","","","","","","","","","diagnosis_available","donor_data","Diagnosis available in the collection, with the ontology prefix, possibly using * and ? wildcards, and prefix notation to denote diagnosis nomenclature - so far urn:miriam:icd: prefix for ICD-10, and urn:miriam:snomedct: prefix for SNOMED CT (examples being urn:miriam:icd:C*, urn:miriam:snomedct:25*) - MIABIS-2.0-17, adapted.","","mref","FALSE","",""
"FALSE","","","FALSE","TRUE","","FALSE","","","FALSE","","120","","0","","","eu_bbmri_eric_MT_collections","age low","","","TRUE","","FALSE","","","","","","","","","age_low","donor_data","Age of youngest sample donor at time of sample donation - MIABIS-2.0-10.","","int","FALSE","",""
"FALSE","","","FALSE","TRUE","","FALSE","","","FALSE","","120","","0","","","eu_bbmri_eric_MT_collections","age high","","","TRUE","","FALSE","","","","","","","","","age_high","donor_data","Age of oldest sample donor at time of sample donation - MIABIS-2.0-11.","","int","FALSE","",""
"FALSE","","","FALSE","TRUE","","FALSE","","","FALSE","","","","","","","eu_bbmri_eric_MT_collections","age unit","","eu_bbmri_eric_age_units","FALSE","","FALSE","","","","","","","","","age_unit","donor_data","Unit defining Age Low and Age High. Can be one of the following values: years, months, weeks, days - MIABIS-2.0-08.","","categorical_mref","FALSE","",""
"FALSE","","","FALSE","TRUE","","FALSE","","","FALSE","","","","","","","eu_bbmri_eric_MT_collections","imaging data","","","FALSE","","FALSE","","","","","","","","","imaging_data","","","","compound","FALSE","",""
"FALSE","","","FALSE","TRUE","","FALSE","","","FALSE","","","","","","","eu_bbmri_eric_MT_collections","body part examined","","eu_bbmri_eric_body_parts","TRUE","","FALSE","","","","","","","","","body_part_examined","imaging_data","The examined body part(s).","","mref","FALSE","",""
"FALSE","","","FALSE","TRUE","","FALSE","","","FALSE","","","","","","","eu_bbmri_eric_MT_collections","imaging modality","","eu_bbmri_eric_imaging_modality","TRUE","","FALSE","","","","","","","","","imaging_modality","imaging_data","The imaging modality/modalities.","","mref","FALSE","",""
"FALSE","","","FALSE","TRUE","","FALSE","","","FALSE","","","","","","","eu_bbmri_eric_MT_collections","image dataset type","","eu_bbmri_eric_image_data_types","TRUE","","FALSE","","","","","","","","","image_dataset_type","imaging_data","Type(s) of the imaging dataset.","","mref","FALSE","",""
"FALSE","","","FALSE","TRUE","","FALSE","","","FALSE","","","","","","","eu_bbmri_eric_MT_collections","sample data","","","FALSE","","FALSE","","","","","","","","","sample_data","","","","compound","FALSE","",""
"FALSE","","","FALSE","TRUE","","FALSE","","","FALSE","","","","","","","eu_bbmri_eric_MT_collections","materials","","eu_bbmri_eric_material_types","TRUE","","FALSE","","","","","","","","","materials","sample_data","Collection contains material(s) of this/these type(s) (MIABIS-2.0-14).","","categorical_mref","FALSE","",""
"FALSE","","","FALSE","TRUE","","FALSE","","","FALSE","","","","","","","eu_bbmri_eric_MT_collections","storage temperatures","","eu_bbmri_eric_temp_types","TRUE","","FALSE","","","","","","","","","storage_temperatures","sample_data","Sample storage temperature(s) - SPREC 2.0 (MIABIS-2.0-15).","","categorical_mref","FALSE","",""
"FALSE","","","FALSE","TRUE","","FALSE","","","FALSE","","","","","","","eu_bbmri_eric_MT_collections","access policy","","","FALSE","","FALSE","","","","","","","","","access_policy","","","","compound","FALSE","",""
"FALSE","","","FALSE","TRUE","","FALSE","","","FALSE","","","","","","","eu_bbmri_eric_MT_collections","sample access fee","","","TRUE","","FALSE","","","","","","","","","sample_access_fee","access_policy","Denotes whether access to samples may be obtained on fee-based basis.","","bool","FALSE","",""
"FALSE","","","FALSE","TRUE","","FALSE","","","FALSE","","","","","","","eu_bbmri_eric_MT_collections","sample access joint project","","","TRUE","","FALSE","","","","","","","","","sample_access_joint_project","access_policy","Denotes whether access to samples may be obtained on joint project basis.","","bool","FALSE","",""
"FALSE","","","FALSE","TRUE","","FALSE","","","FALSE","","","","","","","eu_bbmri_eric_MT_collections","sample access description","","","FALSE","","FALSE","","","","","","","","","sample_access_description","access_policy","Short description of access rules.","","text","FALSE","",""
"FALSE","","","FALSE","TRUE","","FALSE","","","FALSE","","","","","","","eu_bbmri_eric_MT_collections","sample access uri","","","FALSE","","FALSE","","","","","","","","","sample_access_uri","access_policy","URI describing access policy for the samples.","","hyperlink","FALSE","",""
"FALSE","","","FALSE","TRUE","","FALSE","","","FALSE","","","","","","","eu_bbmri_eric_MT_collections","data access fee","","","TRUE","","FALSE","","","","","","","","","data_access_fee","access_policy","Denotes whether access to data may be obtained on fee-based basis.","","bool","FALSE","",""
"FALSE","","","FALSE","TRUE","","FALSE","","","FALSE","","","","","","","eu_bbmri_eric_MT_collections","data access joint project","","","TRUE","","FALSE","","","","","","","","","data_access_joint_project","access_policy","Denotes whether access to data may be obtained on joint project basis.","","bool","FALSE","",""
"FALSE","","","FALSE","TRUE","","FALSE","","","FALSE","","","","","","","eu_bbmri_eric_MT_collections","data access description","","","FALSE","","FALSE","","","","","","","","","data_access_description","access_policy","Short description of access rules.","","text","FALSE","",""
"FALSE","","","FALSE","TRUE","","FALSE","","","FALSE","","","","","","","eu_bbmri_eric_MT_collections","data access uri","","","FALSE","","FALSE","","","","","","","","","data_access_uri","access_policy","URI describing access policy for the data.","","hyperlink","FALSE","",""
"FALSE","","","FALSE","TRUE","","FALSE","","","FALSE","","","","","","","eu_bbmri_eric_MT_collections","image access fee","","","TRUE","","FALSE","","","","","","","","","image_access_fee","access_policy","Denotes whether access to images may be obtained on fee-based basis.","","bool","FALSE","",""
"FALSE","","","FALSE","TRUE","","FALSE","","","FALSE","","","","","","","eu_bbmri_eric_MT_collections","image joint projects","","","TRUE","","FALSE","","","","","","","","","image_joint_projects","access_policy","Denotes whether access to images may be obtained on joint project basis.","","bool","FALSE","",""
"FALSE","","","FALSE","TRUE","","FALSE","","","FALSE","","","","","","","eu_bbmri_eric_MT_collections","image access description","","","FALSE","","FALSE","","","","","","","","","image_access_description","access_policy","Short description of access rules.","","text","FALSE","",""
"FALSE","","","FALSE","TRUE","","FALSE","","","FALSE","","","","","","","eu_bbmri_eric_MT_collections","image access uri","","","FALSE","","FALSE","","","","","","","","","image_access_uri","access_policy","URI describing access policy for the images.","","hyperlink","FALSE","",""
"FALSE","","","FALSE","TRUE","","FALSE","","","FALSE","","","","","","","eu_bbmri_eric_MT_collections","collaboration commercial","","","TRUE","","FALSE","","","","","","","","","collaboration_commercial","access_policy","Biobank/collection can be used for collaboration with commercial partners.","","bool","FALSE","",""
"FALSE","","","FALSE","TRUE","","FALSE","","","FALSE","","","","","","","eu_bbmri_eric_MT_collections","collaboration non for profit","","","TRUE","","FALSE","","","","","","","","","collaboration_non_for_profit","access_policy","Biobank/collection can be used for collaboration with non-for-profit partners.","","bool","FALSE","",""
"FALSE","","","FALSE","TRUE","","FALSE","","","FALSE","","","","","","","eu_bbmri_eric_MT_collections","sample management","","","FALSE","","FALSE","","","","","","","","","sample_mgmt","","","","compound","FALSE","",""
"FALSE","","","FALSE","TRUE","","FALSE","","","FALSE","","","","","","","eu_bbmri_eric_MT_collections","Sample processing PD/SOP","","","TRUE","","FALSE","","","","","","","","","sample_processing_sop","sample_mgmt","Availability of Process Descriptions (PD) and/or Standard Operating Procedures (SOPs) addressing the sample collection and processing","","bool","FALSE","",""
"FALSE","","","FALSE","TRUE","","FALSE","","","FALSE","","","","","","","eu_bbmri_eric_MT_collections","Sample transport PD/SOP","","","TRUE","","FALSE","","","","","","","","","sample_transport_sop","sample_mgmt","Availability of Process Descriptions (PD) and/or Standard Operating Procedures (SOPs) addressing the sample transport process","","bool","FALSE","",""
"FALSE","","","FALSE","TRUE","","FALSE","","","FALSE","","","","","","","eu_bbmri_eric_MT_collections","Sample storage PD/SOP","","","TRUE","","FALSE","","","","","","","","","sample_storage_sop","sample_mgmt","Availability of Process Descriptions (PD) and/or Standard Operating Procedures (SOPs) addressing sample storage conditions","","bool","FALSE","",""
"FALSE","","","FALSE","TRUE","","FALSE","","","FALSE","","","","","","","eu_bbmri_eric_MT_collections","data management","","","FALSE","","FALSE","","","","","","","","","data_mgmt","","","","compound","FALSE","",""
"FALSE","","","FALSE","TRUE","","FALSE","","","FALSE","","","","","","","eu_bbmri_eric_MT_collections","Data processing PD/SOP","","","TRUE","","FALSE","","","","","","","","","data_processing_sop","data_mgmt","Availability of Process Descriptions (PD) and/or Standard Operating Procedures (SOPs) for long term data storage and backup.","","bool","FALSE","",""
"FALSE","","","FALSE","TRUE","","FALSE","","","FALSE","","","","","","","eu_bbmri_eric_MT_collections","Data transport PD/SOP","","","TRUE","","FALSE","","","","","","","","","data_transport_sop","data_mgmt","Availability of Process Descriptions (PD) and/or Standard Operating Procedures (SOPs) for data security","","bool","FALSE","",""
"FALSE","","","FALSE","TRUE","","FALSE","","","FALSE","","","","","","","eu_bbmri_eric_MT_collections","Data storage PD/SOP","","","TRUE","","FALSE","","","","","","","","","data_storage_sop","data_mgmt","Availability of Process Descriptions (PD) and/or Standard Operating Procedures (SOPs) for data protection","","bool","FALSE","",""
"TRUE","","","TRUE","FALSE","","TRUE","","","FALSE","","","","","","","eu_bbmri_eric_countries","id","","","TRUE","","FALSE","","","","","","","","","id","","Unique ID.","","string","TRUE","",""
"TRUE","","","FALSE","FALSE","","FALSE","","","TRUE","","","","","","","eu_bbmri_eric_countries","name","","","TRUE","","FALSE","","","","","","","","","name","","Country hosting the biobank according to MIABIS 2.0 - MIABIS-2.0-06.","","string","FALSE","",""
"TRUE","","","TRUE","FALSE","","TRUE","","","TRUE","","","","","","","eu_bbmri_eric_disease_types","id","","","TRUE","","FALSE","","","","","","","","","id","","Unique ID.","","string","TRUE","",""
"TRUE","","","FALSE","TRUE","","FALSE","","","FALSE","","","","","","","eu_bbmri_eric_disease_types","code","","","TRUE","","FALSE","","","","","","","","","code","","Term in the ontology.","","string","FALSE","",""
"TRUE","","","FALSE","TRUE","","FALSE","","","FALSE","","","","","","","eu_bbmri_eric_disease_types","label","","","TRUE","","FALSE","","","","","","","","","label","","Term in the ontology.","","string","FALSE","",""
"FALSE","","","FALSE","TRUE","","FALSE","","","FALSE","","","","","","","eu_bbmri_eric_disease_types","ontology","","","TRUE","","FALSE","","","","","","","","","ontology","","Name of the ontology used (including version if applicable).","","string","FALSE","",""
"FALSE","","","FALSE","TRUE","","FALSE","","","FALSE","","","","","","","eu_bbmri_eric_disease_types","uri","","","TRUE","","FALSE","","","","","","","","","uri","","Code for the term as a linked data URI.","","hyperlink","FALSE","",""
"FALSE","","","FALSE","TRUE","","FALSE","","","FALSE","","","","","","","eu_bbmri_eric_disease_types","description","","","TRUE","","FALSE","","","","","","","","","description","","Description.","","text","FALSE","",""
"TRUE","","","TRUE","FALSE","","TRUE","","","FALSE","","","","","","","eu_bbmri_eric_MT_networks","id","","","FALSE","","FALSE","","","","","","","","","id","","Unique ID of a biobank network within BBMRI-ERIC based on MIABIS 2.0 standard (ISO 3166-1 alpha-2 +underscore + biobank national ID or name), prefixed with bbmri-eric:networkID: string; if biobank network is on European or higher level, EU_ prefix is to be used instead of country prefix.","","string","TRUE","",""
"TRUE","","","FALSE","FALSE","","FALSE","","","TRUE","","","","","","","eu_bbmri_eric_MT_networks","name","","","TRUE","","FALSE","","","","","","","","","name","","Biobank network name.","","string","FALSE","",""
"TRUE","","","FALSE","TRUE","","FALSE","","","FALSE","","","","","","","eu_bbmri_eric_MT_networks","acronym","","","TRUE","","FALSE","","","","","","","","","acronym","","Biobank network acronym.","","string","FALSE","",""
"FALSE","","","FALSE","TRUE","","FALSE","","","FALSE","","","","","","","eu_bbmri_eric_MT_networks","description","","","TRUE","","FALSE","","","","","","","","","description","","Biobank network description.","","text","FALSE","",""
"FALSE","","","FALSE","TRUE","","FALSE","","","FALSE","","","","","","","eu_bbmri_eric_MT_networks","common collection focus","","","TRUE","","FALSE","","","","","","","","","common_collection_focus","","All the biobanks/collections in the network share the same focus with which the samples are collected (e.g., disease specific). Further details of the focus should be provided in the biobankNetworkDescription attribute.","","bool","FALSE","",""
"FALSE","","","FALSE","TRUE","","FALSE","","","FALSE","","","","","","","eu_bbmri_eric_MT_networks","common charter","","","TRUE","","FALSE","","","","","","","","","common_charter","","All the biobanks/collections in the network have to have a network charter signed.","","bool","FALSE","",""
"FALSE","","","FALSE","TRUE","","FALSE","","","FALSE","","","","","","","eu_bbmri_eric_MT_networks","common sops","","","TRUE","","FALSE","","","","","","","","","common_sops","","All the biobanks/collections in the network share the same SOPs.","","bool","FALSE","",""
"FALSE","","","FALSE","TRUE","","FALSE","","","FALSE","","","","","","","eu_bbmri_eric_MT_networks","common data access policy","","","TRUE","","FALSE","","","","","","","","","common_data_access_policy","","All the biobanks/collections in the network share the same data access policy.","","bool","FALSE","",""
"FALSE","","","FALSE","TRUE","","FALSE","","","FALSE","","","","","","","eu_bbmri_eric_MT_networks","common sample access policy","","","TRUE","","FALSE","","","","","","","","","common_sample_access_policy","","All the biobanks/collections in the network share the same sample access policy.","","bool","FALSE","",""
"FALSE","","","FALSE","TRUE","","FALSE","","","FALSE","","","","","","","eu_bbmri_eric_MT_networks","common mta","","","TRUE","","FALSE","","","","","","","","","common_mta","","All the biobanks/collections in the network share the same MTA.","","bool","FALSE","",""
"FALSE","","","FALSE","TRUE","","FALSE","","","FALSE","","","","","","","eu_bbmri_eric_MT_networks","common image access policy","","","TRUE","","FALSE","","","","","","","","","common_image_access_policy","","All the biobanks/collections in the network share the same image access policy.","","bool","FALSE","",""
"FALSE","","","FALSE","TRUE","","FALSE","","","FALSE","","","","","","","eu_bbmri_eric_MT_networks","common image mta","","","TRUE","","FALSE","","","","","","","","","common_image_mta","","All the biobanks/collections in the network share the same image MTA.","","bool","FALSE","",""
"FALSE","","","FALSE","TRUE","","FALSE","","","FALSE","","","","","","","eu_bbmri_eric_MT_networks","common representation","","","TRUE","","FALSE","","","","","","","","","common_representation","","All the biobanks/collections in the network are represented using the network only.","","bool","FALSE","",""
"FALSE","","","FALSE","TRUE","","FALSE","","","FALSE","","","","","","","eu_bbmri_eric_MT_networks","common url","","","TRUE","","FALSE","","","","","","","","","common_url","","All the biobanks/collections in the network share the same web presentation on the common URL.","","bool","FALSE","",""
"FALSE","","","FALSE","TRUE","","FALSE","","","FALSE","","","","","","","eu_bbmri_eric_MT_networks","url","","","TRUE","","FALSE","","","","","","","","","url","","Biobank network URL.","","hyperlink","FALSE","",""
"FALSE","","","FALSE","TRUE","","FALSE","","","FALSE","","","","","","","eu_bbmri_eric_MT_networks","juridical person","","","TRUE","","FALSE","","","","","","","","","juridical_person","","Juristic person of a biobank network to MIABIS 2.0 - MIABIS-2.0-05.","","string","FALSE","",""
"FALSE","","","FALSE","FALSE","","FALSE","","","FALSE","","","","","","","eu_bbmri_eric_MT_networks","contact","","eu_bbmri_eric_MT_persons","TRUE","","FALSE","","","","","","","","","contact","","Reference to a contact ID.","","xref","FALSE","",""
"FALSE","","","FALSE","FALSE","","FALSE","","","FALSE","","","","","","","eu_bbmri_eric_MT_networks","contact priority","","","TRUE","","FALSE","","","","","","","","","contact_priority","","Priority of the contact 1..n (i.e., non-negative integer), where the highest priority should be used for contacting about given set of samples. E.g., if a collection has contactPriority=3, the biobank in which the collection resides has contactPriority=10, and the biobankNetwork to which the collection or biobank belongs has contactPriority=7, the biobank contact should be used.","","int","FALSE","",""
"FALSE","","","FALSE","TRUE","","FALSE","","","FALSE","","","","","","","eu_bbmri_eric_MT_networks","latitude","","","TRUE","","FALSE","","","","","","","","","latitude","","Latitude of the biobank in the WGS84 system (the one used by GPS), positive is northern hemisphere.","","string","FALSE","",""
"FALSE","","","FALSE","TRUE","","FALSE","","","FALSE","","","","","","","eu_bbmri_eric_MT_networks","longitude","","","TRUE","","FALSE","","","","","","","","","longitude","","Longitude of the biobank in the WGS84 system (the one used by GPS), positive is to the East of Greenwich.","","string","FALSE","",""
"FALSE","","","FALSE","TRUE","","FALSE","","","FALSE","","","","","","","eu_bbmri_eric_MT_networks","parent network","","eu_bbmri_eric_MT_networks","TRUE","","FALSE","","","","","","","","","parent_network","","Reference to a biobank network ID, refers to the superior biobank network.","","mref","FALSE","",""
"TRUE","","","TRUE","FALSE","","TRUE","","","FALSE","","","","","","","eu_bbmri_eric_ontology_terms","id","","","FALSE","","FALSE","","","","","","","","","id","","Unique ID.","","string","TRUE","",""
"TRUE","","","FALSE","TRUE","","FALSE","","","TRUE","","","","","","","eu_bbmri_eric_ontology_terms","label","","","TRUE","","FALSE","","","","","","","","","label","","Term in the ontology.","","string","FALSE","",""
"FALSE","","","FALSE","TRUE","","FALSE","","","FALSE","","","","","","","eu_bbmri_eric_ontology_terms","ontology","","","TRUE","","FALSE","","","","","","","","","ontology","","Name of the ontology used (including version if applicable).","","string","FALSE","",""
"FALSE","","","FALSE","TRUE","","FALSE","","","FALSE","","","","","","","eu_bbmri_eric_ontology_terms","uri","","","TRUE","","FALSE","","","","","","","","","uri","","Code for the term as a linked data URI.","","hyperlink","FALSE","",""
"FALSE","","","FALSE","TRUE","","FALSE","","","FALSE","","","","","","","eu_bbmri_eric_ontology_terms","description","","","TRUE","","FALSE","","","","","","","","","description","","Description.","","text","FALSE","",""
"TRUE","","","TRUE","FALSE","","TRUE","","","FALSE","","","","","","","eu_bbmri_eric_MT_persons","id","","","FALSE","","FALSE","","","","","","","","","id","","Contact identifier, prefixed with bbmri-eric:contactID:","","string","TRUE","",""
"TRUE","","","FALSE","TRUE","","FALSE","","","FALSE","","","","","","","eu_bbmri_eric_MT_persons","first name","","","TRUE","","FALSE","","","","","","","","","first_name","","First name according to MIABIS 2.0 - MIABIS-2.0-07-A.","","string","FALSE","",""
"TRUE","","","FALSE","TRUE","","FALSE","","","FALSE","","","","","","","eu_bbmri_eric_MT_persons","last name","","","TRUE","","FALSE","","","","","","","","","last_name","","Last name according to MIABIS 2.0 - MIABIS-2.0-07-B.","","string","FALSE","",""
"TRUE","","","FALSE","TRUE","","FALSE","","","TRUE","","","","","","","eu_bbmri_eric_MT_persons","email","","","TRUE","","FALSE","","","","","","","","","email","","Email according to MIABIS 2.0 - MIABIS-2.0-07-D.","","email","FALSE","",""
"FALSE","","","FALSE","TRUE","","FALSE","","","FALSE","","","","","","","eu_bbmri_eric_MT_persons","phone","","","TRUE","","FALSE","","","","","","","","","phone","","Phone number according to MIABIS 2.0 including international prefix (+99999999999 form with no spaces) compliant also to E.123 norm - MIABIS-2.0-07-C.","","string","FALSE","",""
"FALSE","","","FALSE","TRUE","","FALSE","","","FALSE","","","","","","","eu_bbmri_eric_MT_persons","address","","","TRUE","","FALSE","","","","","","","","","address","","Address according to MIABIS 2.0 - MIABIS-2.0-07-E.","","text","FALSE","",""
"FALSE","","","FALSE","TRUE","","FALSE","","","FALSE","","","","","","","eu_bbmri_eric_MT_persons","zip","","","TRUE","","FALSE","","","","","","","","","zip","","ZIP or Postal code according to MIABIS 2.0 - MIABIS-2.0-07-F.","","string","FALSE","",""
"FALSE","","","FALSE","TRUE","","FALSE","","","FALSE","","","","","","","eu_bbmri_eric_MT_persons","city","","","TRUE","","FALSE","","","","","","","","","city","","City according to MIABIS 2.0 - MIABIS-2.0-07-G.","","string","FALSE","",""
"FALSE","","","FALSE","FALSE","","FALSE","","","FALSE","","","","","","","eu_bbmri_eric_MT_persons","country","","eu_bbmri_eric_countries","TRUE","","FALSE","","","","","","","","","country","","Country according to MIABIS 2.0 - MIABIS-2.0-07-H.","","xref","FALSE","",""
"","","","","","","","","","","","","","","","contact","eu_bbmri_eric_MT_persons","biobanks","","eu_bbmri_eric_MT_biobanks","","","","","","","","","","","","biobanks","","","","one_to_many","","",""
"","","","","","","","","","","","","","","","contact","eu_bbmri_eric_MT_persons","collections","","eu_bbmri_eric_MT_collections","","","","","","","","","","","","collections","","","","one_to_many","","",""
"","","","","","","","","","","","","","","","contact","eu_bbmri_eric_MT_persons","networks","","eu_bbmri_eric_MT_networks","","","","","","","","","","","","networks","","","","one_to_many","","",""
